1 2.40193e+02 100.00
2 2.37666e+02 51.60
3 2.33993e+02 31.43
4 2.29451e+02 20.76
5 2.24292e+02 15.24
6 2.1052e+02 11.92
7 1.86178e+02 12.52
8 1.8208e+02 13.11
9 1.78845e+02 12.94
10 1.77469e+02 10.76
11 1.7682e+02 9.60
12 1.76387e+02 9.79
13 1.75931e+02 9.30
14 1.75452e+02 9.22
15 1.74808e+02 9.30
16 1.73834e+02 9.34
17 1.72585e+02 9.29
18 1.70938e+02 9.72
19 1.68772e+02 9.69
20 1.66463e+02 9.56
21 1.64005e+02 9.54
22 1.6151e+02 9.78
23 1.59032e+02 9.99
24 1.56683e+02 10.24
25 1.54444e+02 10.15
26 1.5245e+02 10.31
27 1.50655e+02 10.29
28 1.48962e+02 10.60
29 1.47359e+02 10.82
30 1.45839e+02 11.06
31 1.44384e+02 11.06
32 1.43006e+02 11.03
33 1.41771e+02 11.27
34 1.40591e+02 11.18
35 1.39516e+02 11.17
36 1.38697e+02 11.40
37 1.3774e+02 11.67
38 1.36891e+02 11.34
39 1.36275e+02 11.60
40 1.35606e+02 11.72
41 1.34979e+02 11.76
42 1.34388e+02 12.08
43 1.33703e+02 11.89
44 1.33171e+02 11.78
45 1.32524e+02 11.96
46 1.31944e+02 12.37
47 1.31432e+02 12.48
48 1.30817e+02 12.28
49 1.30198e+02 12.19
50 1.29673e+02 12.36
51 1.29157e+02 12.61
52 1.28535e+02 12.62
53 1.27954e+02 12.37
54 1.27668e+02 12.82
55 1.27069e+02 13.37
56 1.26545e+02 13.17
57 1.26109e+02 13.27
58 1.25654e+02 13.01
59 1.25187e+02 12.96
60 1.24789e+02 12.87
61 1.24322e+02 13.20
62 1.24007e+02 13.04
63 1.23581e+02 13.12
64 1.23241e+02 13.44
65 1.22796e+02 13.40
66 1.22386e+02 13.31
67 1.22072e+02 13.73
68 1.21715e+02 13.95
69 1.21392e+02 14.35
70 1.20978e+02 14.01
71 1.20572e+02 14.03
72 1.20267e+02 13.90
73 1.19929e+02 13.90
74 1.19612e+02 14.19
75 1.1928e+02 14.21
76 1.19012e+02 14.11
77 1.18636e+02 14.19
78 1.1834e+02 14.72
79 1.1802e+02 14.91
80 1.1773e+02 14.64
81 1.17461e+02 14.51
82 1.17146e+02 15.14
83 1.16835e+02 14.60
84 1.16652e+02 14.55
85 1.16348e+02 14.67
86 1.16112e+02 15.11
87 1.15783e+02 15.03
88 1.15548e+02 14.53
89 1.15268e+02 15.21
90 1.15025e+02 15.15
91 1.14816e+02 15.36
92 1.14668e+02 15.84
93 1.14336e+02 15.64
94 1.14126e+02 15.26
95 1.13843e+02 15.52
96 1.13673e+02 15.86
97 1.13466e+02 15.77
98 1.132e+02 15.91
99 1.12886e+02 15.70
100 1.1272e+02 16.09
101 1.12502e+02 16.30
102 1.12302e+02 16.13
103 1.11979e+02 16.03
104 1.11795e+02 16.34
105 1.11543e+02 16.68
106 1.11413e+02 16.31
107 1.11198e+02 16.56
108 1.10893e+02 16.77
109 1.10716e+02 17.12
110 1.1057e+02 16.88
111 1.10331e+02 17.03
112 1.1013e+02 17.27
113 1.09951e+02 17.03
114 1.09706e+02 17.11
115 1.09611e+02 17.07
116 1.09388e+02 17.24
117 1.09266e+02 17.33
118 1.09044e+02 17.90
119 1.08742e+02 17.90
120 1.0856e+02 18.28
121 1.08485e+02 18.22
122 1.0831e+02 17.84
123 1.08094e+02 18.64
124 1.07954e+02 18.08
125 1.07764e+02 18.15
126 1.07698e+02 18.31
127 1.07494e+02 18.47
128 1.07302e+02 18.91
129 1.07179e+02 18.21
130 1.0706e+02 18.82
131 1.06841e+02 18.93
132 1.06626e+02 18.82
133 1.06422e+02 19.10
134 1.06438e+02 19.30
135 1.06284e+02 19.71
136 1.06099e+02 19.57
137 1.05871e+02 19.49
138 1.05804e+02 19.20
139 1.05599e+02 19.29
140 1.05533e+02 19.56
141 1.05381e+02 19.46
142 1.0532e+02 19.67
143 1.05188e+02 19.64
144 1.05008e+02 20.48
145 1.0485e+02 19.96
146 1.04778e+02 20.22
147 1.0462e+02 20.55
148 1.04535e+02 20.07
149 1.04362e+02 20.31
150 1.0423e+02 20.42
151 1.04207e+02 20.00
152 1.04102e+02 20.82
153 1.03989e+02 21.30
154 1.03694e+02 21.16
155 1.03727e+02 20.61
156 1.03547e+02 20.51
157 1.03504e+02 20.81
158 1.03458e+02 21.26
159 1.03365e+02 21.35
160 1.0321e+02 21.23
161 1.031e+02 21.03
162 1.03015e+02 21.97
163 1.0285e+02 21.50
164 1.02813e+02 21.53
165 1.02712e+02 21.69
166 1.02495e+02 21.75
167 1.0242e+02 21.76
168 1.02272e+02 21.78
169 1.02234e+02 21.79
170 1.02124e+02 22.26
171 1.02014e+02 22.00
172 1.02126e+02 21.54
173 1.01899e+02 21.78
174 1.01816e+02 21.79
175 1.01734e+02 21.39
176 1.01691e+02 22.23
177 1.01565e+02 22.32
178 1.01428e+02 22.09
179 1.01382e+02 22.45
180 1.01308e+02 22.51
181 1.01248e+02 22.62
182 1.01249e+02 22.85
183 1.01097e+02 23.00
184 1.00948e+02 23.03
185 1.0091e+02 22.93
186 1.00889e+02 23.35
187 1.00775e+02 23.08
188 1.00678e+02 22.97
189 1.00504e+02 23.10
190 1.00515e+02 22.97
191 1.00508e+02 22.82
192 1.00359e+02 23.08
193 1.0034e+02 23.13
194 1.003e+02 23.50
195 1.00198e+02 23.54
196 1.00165e+02 23.37
197 1.00031e+02 23.47
198 99.9844 23.12
199 99.8795 23.71
200 99.8220 23.27
201 99.7488 23.85
202 99.6740 23.84
203 99.6564 23.70
204 99.5542 23.69
205 99.5603 23.73
206 99.5243 23.89
207 99.3647 23.68
208 99.4109 23.51
209 99.3194 23.80
210 99.2452 23.96
211 99.1873 24.16
212 99.0977 23.89
213 99.0545 24.05
214 98.9950 24.21
215 98.9686 24.02
216 98.9335 24.32
217 98.9671 24.26
218 98.7576 24.90
219 98.7348 24.78
220 98.6781 24.19
221 98.7492 24.44
222 98.7114 24.23
223 98.5576 24.56
224 98.4206 24.68
225 98.4353 24.51
226 98.4367 24.41
227 98.3928 24.88
228 98.2285 24.62
229 98.2356 24.81
230 98.2185 25.00
231 98.1383 24.65
232 98.1146 25.04
233 98.0690 24.56
234 98.0334 24.78
235 98.0010 25.37
236 97.9515 24.94
237 97.9338 25.21
238 97.7769 24.91
239 97.8224 25.20
240 97.7865 24.97
241 97.8670 25.38
242 97.7066 24.99
243 97.5930 25.49
244 97.5324 25.43
245 97.4799 25.50
246 97.5021 25.49
247 97.4827 25.70
248 97.4215 25.71
249 97.4197 25.80
250 97.3727 25.63
251 97.2049 25.36
252 97.3343 25.69
253 97.1730 25.62
254 97.2367 25.88
255 97.0746 26.39
256 97.1339 26.38
257 97.1395 26.07
258 97.1315 26.40
259 97.0495 26.23
260 96.9990 26.28
261 97.0387 26.74
262 96.9143 26.53
263 96.9294 25.99
264 96.8532 26.38
265 96.8494 26.48
266 96.7598 25.73
267 96.8232 26.84
268 96.6799 26.61
269 96.5877 26.41
270 96.5908 26.48
271 96.5619 26.54
272 96.5821 27.07
273 96.6488 26.48
274 96.5879 26.87
275 96.4544 26.74
276 96.5025 27.34
277 96.4043 26.79
278 96.2518 26.88
279 96.4565 26.35
280 96.2341 26.44
281 96.2671 26.99
282 96.3082 26.57
283 96.2933 27.18
284 96.1624 27.13
285 96.1481 27.99
286 96.1366 27.34
287 96.1291 27.08
288 96.1693 27.21
289 96.0259 27.28
290 96.0720 27.61
291 96.1017 27.60
292 95.9548 27.22
293 95.9956 27.59
294 95.8056 27.57
295 95.9380 27.47
296 95.9278 27.90
297 95.7620 27.72
298 95.8912 27.76
299 95.7912 27.90
300 95.8371 27.44
301 95.7345 27.84
302 95.7276 27.53
303 95.7424 27.42
304 95.6763 27.91
305 95.6882 28.16
306 95.6415 28.02
307 95.4923 27.82
308 95.6693 27.61
309 95.6191 28.33
310 95.6224 28.23
311 95.5098 28.62
312 95.5021 28.08
313 95.4972 27.99
314 95.4390 28.05
315 95.3917 28.45
316 95.3962 28.78
317 95.4136 28.66
318 95.3805 28.45
319 95.2998 28.24
320 95.2841 28.06
321 95.2891 28.12
322 95.2607 28.23
323 95.2673 28.49
324 95.2082 28.61
325 95.2190 28.21
326 95.1449 28.32
327 95.1370 28.31
328 95.1480 29.03
329 95.1286 28.67
330 95.0907 28.53
331 95.0962 28.58
332 95.0474 28.76
333 95.0083 28.71
334 94.9638 28.45
335 94.9383 28.38
336 94.9532 28.92
337 94.9306 28.71
338 94.9864 28.78
339 94.8816 28.71
340 94.7998 28.64
341 94.8217 28.49
342 94.7968 28.29
343 94.8627 28.86
344 94.7593 28.80
345 94.8653 28.85
346 94.8268 28.58
347 94.7177 28.12
348 94.6594 28.76
349 94.6943 29.07
350 94.7461 29.05
351 94.7509 28.84
352 94.6719 29.09
353 94.5694 29.33
354 94.6013 29.50
355 94.6526 29.33
356 94.5819 29.19
357 94.4880 29.46
358 94.6225 28.95
359 94.5038 28.75
360 94.6039 29.16
361 94.4244 29.59
362 94.4751 29.31
363 94.4626 29.17
364 94.3943 29.20
365 94.4236 29.11
366 94.3764 29.49
367 94.3412 30.09
368 94.3156 29.36
369 94.3586 29.23
370 94.4454 30.05
371 94.3009 29.88
372 94.3036 29.24
373 94.1831 29.34
374 94.2676 29.13
375 94.1965 28.59
376 94.2181 29.21
377 94.1530 29.64
378 94.1612 28.68
379 94.1779 29.05
380 94.1256 29.95
381 94.2204 29.13
382 94.1166 28.64
383 94.1295 29.18
384 94.0883 29.92
385 94.0751 29.36
386 94.0845 29.59
387 94.1646 29.37
388 94.1612 29.85
389 93.9796 29.29
390 94.0081 29.23
391 94.0110 29.47
392 93.8963 28.94
393 94.0224 28.98
394 93.9400 29.28
395 93.9356 29.36
396 93.9837 29.43
397 93.9398 29.68
398 93.7910 29.20
399 93.9064 29.07
400 93.9115 30.29
401 93.8821 29.51
402 93.8862 29.36
403 94.0292 29.42
404 93.8935 30.05
405 93.8944 30.19
406 93.8019 29.34
407 93.8416 29.87
408 93.8208 29.90
409 93.7465 30.06
410 93.8416 29.59
411 93.7065 30.06
412 93.6379 29.56
413 93.7476 29.62
414 93.7248 29.90
415 93.6483 29.68
416 93.7370 29.86
417 93.6000 30.10
418 93.5805 29.72
419 93.5895 29.63
420 93.5915 29.80
421 93.6165 30.19
422 93.6553 29.83
423 93.5352 29.52
424 93.6313 29.70
425 93.5112 30.05
426 93.4316 29.14
427 93.5949 29.54
428 93.4669 29.43
429 93.5656 29.77
430 93.5555 29.37
431 93.4342 29.66
432 93.4164 29.73
433 93.4003 29.31
434 93.4345 29.95
435 93.4028 30.05
436 93.4849 30.28
437 93.4476 29.94
438 93.4420 29.74
439 93.4206 29.50
440 93.3570 30.02
441 93.3416 30.20
442 93.2464 29.74
443 93.3207 29.88
444 93.2997 29.87
445 93.2980 29.51
446 93.3453 29.25
447 93.2367 29.59
448 93.1835 29.48
449 93.3633 29.04
450 93.3229 29.79
451 93.2535 30.00
452 93.2280 29.27
453 93.1282 29.87
454 93.3164 29.87
455 93.1909 30.04
456 93.1425 29.89
457 93.2139 29.80
458 93.1067 30.33
459 93.1895 30.33
460 93.1479 30.29
461 93.0912 29.13
462 93.1622 29.40
463 93.1538 29.65
464 93.0866 30.09
465 93.1456 29.64
466 93.0989 29.69
467 93.1423 29.74
468 93.1809 29.57
469 93.0883 30.32
470 93.1583 30.53
471 93.0511 30.27
472 93.0000 29.70
473 92.9021 29.74
474 93.0937 30.12
475 93.0088 29.65
476 93.1080 29.57
477 92.9705 29.89
478 92.9272 29.59
479 92.9972 30.13
480 92.9364 30.12
481 92.9780 30.95
482 92.9615 30.16
483 92.9091 30.08
484 92.9005 29.86
485 92.9045 29.58
486 92.8521 30.03
487 92.8486 29.50
488 92.9517 29.88
489 92.8246 29.86
490 92.8299 29.55
491 92.9415 29.74
492 92.8146 30.90
493 92.7887 30.20
494 92.8052 29.62
495 92.9195 29.98
496 92.8326 29.82
497 92.8998 29.97
498 92.9064 30.39
499 92.8281 29.76
500 92.8754 29.75
501 92.7335 29.77
502 92.6909 29.66
503 92.8263 30.02
504 92.7998 30.07
505 92.7147 29.88
506 92.7789 30.35
507 92.8418 30.22
508 92.6779 30.58
509 92.7486 29.69
510 92.7659 29.80
511 92.5909 29.92
512 92.7615 29.82
513 92.6256 29.69
514 92.6530 29.61
515 92.7159 30.23
516 92.7551 29.53
517 92.5770 30.06
518 92.7044 29.60
519 92.6277 29.99
520 92.5925 29.30
521 92.6566 29.59
522 92.7275 29.84
523 92.5649 30.03
524 92.6618 29.75
525 92.5819 29.78
526 92.6794 30.30
527 92.6112 30.59
528 92.5661 30.06
529 92.5696 29.76
530 92.5338 29.57
531 92.6009 30.16
532 92.5687 29.87
533 92.4981 29.82
534 92.5489 30.39
535 92.4653 29.69
536 92.4722 29.92
537 92.4953 30.09
538 92.4858 30.59
539 92.4843 30.13
540 92.4142 30.46
541 92.5162 30.07
542 92.4474 29.99
543 92.4619 30.25
544 92.5197 30.46
545 92.5077 30.03
546 92.4733 29.76
547 92.4346 30.00
548 92.4270 30.03
549 92.4320 30.20
550 92.4066 29.89
551 92.4314 30.19
552 92.4012 30.01
553 92.4011 30.04
554 92.4046 30.15
555 92.3708 29.80
556 92.2773 29.60
557 92.4203 30.23
558 92.2592 29.57
559 92.3244 29.80
560 92.3068 30.03
561 92.2859 29.98
562 92.3474 29.41
563 92.3641 29.22
564 92.3392 29.73
565 92.3242 30.16
566 92.3568 29.92
567 92.3286 30.32
568 92.3429 29.96
569 92.3193 29.99
570 92.2793 30.14
571 92.3004 29.67
572 92.2520 29.85
573 92.3545 30.28
574 92.2588 29.53
575 92.3579 29.93
576 92.1363 29.58
577 92.2956 29.51
578 92.2071 30.01
579 92.2425 30.15
580 92.2694 29.99
581 92.1125 29.71
582 92.2310 29.86
583 92.2474 29.76
584 92.2298 29.56
585 92.1380 29.72
586 92.1336 29.70
587 92.2079 29.64
588 92.1619 30.26
589 92.2657 29.90
590 92.2254 30.06
591 92.1399 30.26
592 92.1034 30.69
593 92.1998 30.42
594 92.1550 29.50
595 92.2323 29.84
596 92.0252 29.35
597 92.1712 29.92
598 92.1121 29.96
599 92.2092 29.74
600 92.0922 29.86
601 92.1136 29.80
602 92.1025 29.95
603 92.1222 29.96
604 92.0333 29.77
605 92.0026 29.52
606 92.0707 29.28
607 92.0105 29.60
608 92.0537 29.76
609 92.0370 29.95
610 91.9859 30.06
611 92.0601 29.89
612 91.9802 29.32
613 91.9794 29.91
614 92.0117 29.89
615 92.0226 29.57
616 92.1046 29.67
617 92.0527 29.67
618 91.9970 29.87
619 92.0628 30.13
620 92.0088 30.12
621 92.0320 29.67
622 92.0836 30.00
623 92.0084 30.48
624 91.9413 30.36
625 92.0992 30.35
626 92.0240 29.66
627 92.0493 29.95
628 91.8659 30.26
629 91.9902 29.82
630 91.8816 30.52
631 91.9910 30.21
632 91.9292 30.04
633 91.9492 30.14
634 91.9721 29.82
635 91.9844 30.01
636 91.9882 30.15
637 91.8614 29.82
638 91.9691 29.79
639 92.0008 29.64
640 91.8450 29.38
641 91.9149 29.42
642 91.9763 29.96
643 91.9404 29.70
644 91.9914 29.60
645 91.8677 30.11
646 91.9095 29.72
647 91.9330 30.42
648 91.8458 29.87
649 91.8617 29.82
650 91.8237 30.23
651 91.9064 29.72
652 91.8301 29.79
653 91.8318 29.52
654 91.8372 29.82
655 91.7600 29.48
656 91.8916 30.02
657 91.8390 30.26
658 91.8100 29.72
659 91.8480 30.17
660 91.7693 29.72
661 91.8685 29.59
662 91.8010 29.96
663 91.8120 29.88
664 91.9033 29.83
665 91.7944 29.73
666 91.8360 29.60
667 91.8018 29.87
668 91.8669 29.80
669 91.8081 29.54
670 91.8037 29.80
671 91.7592 29.72
672 91.7841 30.02
673 91.7584 29.49
674 91.8060 29.86
675 91.7308 29.83
676 91.7447 30.25
677 91.7189 29.69
678 91.8029 29.60
679 91.6808 29.43
680 91.7161 29.44
681 91.7097 30.01
682 91.8293 30.03
683 91.8195 30.12
684 91.6711 30.28
685 91.7466 30.18
686 91.6981 29.96
687 91.6786 30.00
688 91.7536 29.99
689 91.6334 29.59
690 91.7424 29.60
691 91.6944 30.04
692 91.7181 29.78
693 91.6800 29.77
694 91.6674 29.80
695 91.6569 29.92
696 91.7039 30.03
697 91.6283 29.43
698 91.6903 29.51
699 91.6718 29.75
700 91.6801 29.85
701 91.6845 30.35
702 91.5706 29.95
703 91.5694 29.56
704 91.5794 29.20
705 91.7407 29.94
706 91.5334 29.80
707 91.7278 30.00
708 91.5967 30.00
709 91.5794 29.82
710 91.6666 30.03
711 91.5673 30.00
712 91.5893 29.62
713 91.6904 29.70
714 91.5914 29.78
715 91.5768 29.89
716 91.6106 29.60
717 91.5387 29.74
718 91.5083 29.52
719 91.5103 30.25
720 91.5748 29.55
721 91.5195 29.92
722 91.5071 30.07
723 91.5855 29.82
724 91.5867 30.32
725 91.5867 29.34
726 91.5751 30.20
727 91.6104 29.61
728 91.5699 29.69
729 91.5441 29.76
730 91.4176 29.76
731 91.4884 29.54
732 91.5710 29.23
733 91.5107 29.55
734 91.5196 29.70
735 91.5677 29.66
736 91.4855 29.73
737 91.5581 29.19
738 91.5185 29.19
739 91.4974 29.96
740 91.4352 29.85
741 91.5554 29.60
742 91.5049 29.94
743 91.5063 29.72
744 91.5536 29.60
745 91.5084 29.93
746 91.4659 29.95
747 91.4600 29.28
748 91.4628 29.38
749 91.5318 30.06
750 91.4495 29.36
751 91.4692 29.75
752 91.4849 30.05
753 91.3929 29.72
754 91.4806 29.38
755 91.4838 30.30
756 91.4142 29.77
757 91.4256 29.40
758 91.4532 29.93
759 91.3789 30.12
760 91.5145 29.73
761 91.3976 29.71
762 91.3701 29.92
763 91.4248 30.06
764 91.4613 30.39
765 91.4241 29.86
766 91.4784 29.62
767 91.4334 30.06
768 91.4088 29.82
769 91.3348 29.44
770 91.4054 29.74
771 91.3674 28.95
772 91.4556 29.21
773 91.4001 30.05
774 91.3974 30.02
775 91.3490 29.51
776 91.4124 29.40
777 91.4162 29.98
778 91.4007 30.03
779 91.4897 30.31
780 91.2736 29.80
781 91.2904 30.00
782 91.4707 30.34
783 91.2827 29.99
784 91.4745 29.72
785 91.3699 29.92
786 91.3984 29.45
787 91.3649 29.75
788 91.4196 30.19
789 91.3945 30.03
790 91.3767 29.59
791 91.2557 29.47
792 91.3241 29.42
793 91.3096 29.13
794 91.3082 29.89
795 91.3726 29.87
796 91.3631 29.99
797 91.2639 29.83
798 91.3479 29.91
799 91.3289 29.83
800 91.3151 29.92
801 91.2810 29.59
802 91.2370 29.43
803 91.1874 29.25
804 91.3355 29.72
805 91.2662 29.96
806 91.2737 29.70
807 91.2431 29.60
808 91.3044 29.21
809 91.2598 29.76
810 91.2793 30.15
811 91.2699 29.77
812 91.2451 29.77
813 91.2807 29.79
814 91.2975 29.99
815 91.2194 29.97
816 91.2678 28.89
817 91.2420 29.54
818 91.3777 29.97
819 91.2876 30.32
820 91.2868 29.65
821 91.2408 29.88
822 91.3308 29.76
823 91.2522 29.27
824 91.2270 29.57
825 91.2448 30.06
826 91.2661 29.99
827 91.2286 30.05
828 91.3073 29.72
829 91.2679 29.67
830 91.2918 30.21
831 91.1748 29.47
832 91.1955 30.32
833 91.3379 29.87
834 91.2055 29.57
835 91.3687 29.92
836 91.2282 30.17
837 91.2104 29.82
838 91.2164 29.59
839 91.2560 29.28
840 91.1690 29.19
841 91.1169 29.19
842 91.2080 29.28
843 91.1009 29.67
844 91.2816 30.17
845 91.1429 30.03
846 91.0991 29.44
847 91.1149 28.90
848 91.1717 29.51
849 91.0916 29.75
850 91.1996 29.56
851 91.1201 29.66
852 91.1979 29.66
853 91.0591 29.33
854 91.1713 29.54
855 91.1243 29.93
856 91.0925 30.16
857 91.1692 29.47
858 91.1172 29.17
859 91.1836 29.56
860 91.1232 29.60
861 91.1452 29.43
862 91.0474 29.60
863 91.0935 30.09
864 91.0068 29.39
865 90.9994 29.37
866 91.1159 29.58
867 91.2227 29.42
868 91.2113 30.06
869 91.0583 29.56
870 91.1486 29.65
871 91.2057 29.43
872 91.1276 29.71
873 91.1278 29.46
874 91.0522 29.66
875 91.1265 29.03
876 91.1195 29.00
877 91.0700 29.95
878 91.0908 29.69
879 91.0845 29.69
880 91.0820 29.44
881 91.1756 29.47
882 91.1125 29.70
883 91.0288 29.69
884 91.0705 29.04
885 91.0359 29.49
886 91.1603 29.92
887 91.1884 30.06
888 91.1783 29.82
889 91.0877 29.27
890 91.1504 29.91
891 90.9800 29.92
892 91.1112 29.97
893 91.1102 29.36
894 91.0857 29.09
895 91.1029 30.07
896 91.0087 29.01
897 91.1576 29.70
898 91.1018 29.92
899 91.0626 28.94
900 91.0690 29.68
901 91.0363 29.67
902 91.0616 29.48
903 91.0478 29.11
904 91.0365 29.95
905 91.0641 30.09
906 91.0437 30.03
907 91.0420 29.69
908 91.1529 29.45
909 91.1218 29.99
910 91.0236 30.05
911 91.0916 29.67
912 90.9224 29.48
913 90.9408 29.15
914 90.9470 29.88
915 91.0492 29.79
916 91.0567 29.52
917 90.9918 29.68
918 90.9634 29.84
919 90.9510 29.86
920 90.8542 29.63
921 91.0049 29.60
922 91.0125 30.00
923 91.0747 29.86
924 91.0620 29.72
925 91.0001 29.35
926 90.9899 29.48
927 90.9959 30.03
928 90.9733 30.16
929 90.9539 30.13
930 90.9493 29.44
931 90.9513 29.41
932 90.9741 29.89
933 90.8400 30.08
934 90.9999 29.61
935 90.9395 28.98
936 90.9998 29.49
937 90.8809 29.37
938 91.0313 29.67
939 91.0111 29.81
940 90.9691 29.21
941 90.9272 29.30
942 90.8627 29.70
943 90.9058 29.86
944 90.9029 29.92
945 90.9161 29.68
946 90.8837 28.92
947 90.8918 29.44
948 90.8552 29.15
949 90.9451 30.14
950 91.0475 29.59
951 90.8465 29.84
952 90.8759 29.50
953 90.8274 29.50
954 90.9638 29.29
955 90.7801 29.39
956 90.9245 29.13
957 90.8968 29.64
958 90.9335 29.25
959 90.8954 29.21
960 90.9072 29.56
961 90.8576 29.25
962 90.8238 29.51
963 90.9304 29.47
964 90.9208 29.40
965 90.8939 30.01
966 90.9734 29.73
967 90.8068 29.41
968 90.9143 29.80
969 90.8682 29.04
970 90.9177 29.07
971 90.8303 29.44
972 90.9559 29.80
973 90.9575 29.54
974 90.7913 29.07
975 90.8796 29.37
976 90.8204 29.50
977 90.8372 29.90
978 90.7970 29.67
979 90.8491 29.76
980 90.7579 29.88
981 90.8781 29.50
982 90.8910 29.62
983 90.7990 29.63
984 90.7897 28.51
985 90.8697 29.60
986 90.7975 29.59
987 90.8104 29.50
988 90.7906 29.80
989 90.7923 29.72
990 90.8613 29.70
991 90.7371 29.79
992 90.8800 29.74
993 90.8306 29.92
994 90.8431 29.63
995 90.8674 29.69
996 90.8426 29.60
997 90.8408 28.94
998 90.7892 30.15
999 90.8260 29.56
1000 90.7490 29.18
